  0.5000000000E-01  0.9999157622E+00  0.1774899512E+01  0.9998795017E+00  0.1500091074E+01
  0.1500000000E+00  0.9998315509E+00  0.1774967514E+01  0.9997611700E+00  0.1500174149E+01
  0.2500000000E+00  0.9997327723E+00  0.1775047279E+01  0.9996223745E+00  0.1500271598E+01
  0.3500000000E+00  0.9996169119E+00  0.1775140835E+01  0.9994595853E+00  0.1500385904E+01
  0.4500000000E+00  0.9994810287E+00  0.1775250556E+01  0.9992686744E+00  0.1500519973E+01
  0.5500000000E+00  0.9993216790E+00  0.1775379222E+01  0.9990448096E+00  0.1500677205E+01
  0.6500000000E+00  0.9991348323E+00  0.1775530086E+01  0.9987823365E+00  0.1500861583E+01
  0.7500000000E+00  0.9989157748E+00  0.1775706950E+01  0.9984746445E+00  0.1501077765E+01
  0.8500000000E+00  0.9986589951E+00  0.1775914261E+01  0.9981140077E+00  0.1501331203E+01
  0.9500000000E+00  0.9983580554E+00  0.1776157212E+01  0.9976914054E+00  0.1501628262E+01
  0.1050000000E+01  0.9980054406E+00  0.1776441864E+01  0.9971963129E+00  0.1501976382E+01
  0.1150000000E+01  0.9975923864E+00  0.1776775281E+01  0.9966164641E+00  0.1502384243E+01
  0.1250000000E+01  0.9971086815E+00  0.1777165695E+01  0.9959375784E+00  0.1502861963E+01
  0.1350000000E+01  0.9965424467E+00  0.1777622677E+01  0.9951430568E+00  0.1503421326E+01
  0.1450000000E+01  0.9958798772E+00  0.1778157347E+01  0.9942136296E+00  0.1504076040E+01
  0.1550000000E+01  0.9951049648E+00  0.1778782593E+01  0.9931269789E+00  0.1504842020E+01
  0.1650000000E+01  0.9941991772E+00  0.1779513328E+01  0.9918573043E+00  0.1505737716E+01
  0.1750000000E+01  0.9931411163E+00  0.1780366762E+01  0.9903748659E+00  0.1506784472E+01
  0.1850000000E+01  0.9919061380E+00  0.1781362703E+01  0.9886454806E+00  0.1508006916E+01
  0.1950000000E+01  0.9904659570E+00  0.1782523871E+01  0.9866300068E+00  0.1509433392E+01
  0.2050000000E+01  0.9887882251E+00  0.1783876228E+01  0.9842838056E+00  0.1511096409E+01
  0.2150000000E+01  0.9868361177E+00  0.1785449305E+01  0.9815562280E+00  0.1513033111E+01
  0.2250000000E+01  0.9845679292E+00  0.1787276515E+01  0.9783901377E+00  0.1515285754E+01
  0.2350000000E+01  0.9819367098E+00  0.1789395439E+01  0.9747215150E+00  0.1517902164E+01
  0.2450000000E+01  0.9788899922E+00  0.1791848032E+01  0.9704792178E+00  0.1520936143E+01
  0.2550000000E+01  0.9753696309E+00  0.1794680747E+01  0.9655849380E+00  0.1524447805E+01
  0.2650000000E+01  0.9713118335E+00  0.1797944505E+01  0.9599534659E+00  0.1528503770E+01
  0.2750000000E+01  0.9666474409E+00  0.1801694480E+01  0.9534933477E+00  0.1533177190E+01
  0.2850000000E+01  0.9613025392E+00  0.1805989626E+01  0.9461080530E+00  0.1538547499E+01
  0.2950000000E+01  0.9551994987E+00  0.1810891890E+01  0.9376977768E+00  0.1544699855E+01
  0.3050000000E+01  0.9482585191E+00  0.1816465050E+01  0.9281619770E+00  0.1551724147E+01
  0.3150000000E+01  0.9403997674E+00  0.1822773123E+01  0.9174027423E+00  0.1559713525E+01
  0.3250000000E+01  0.9315461709E+00  0.1829878299E+01  0.9053290392E+00  0.1568762344E+01
  0.3350000000E+01  0.9216269006E+00  0.1837838385E+01  0.8918618330E+00  0.1578963468E+01
  0.3450000000E+01  0.9105815062E+00  0.1846703787E+01  0.8769399569E+00  0.1590404901E+01
  0.3550000000E+01  0.8983646020E+00  0.1856514102E+01  0.8605265027E+00  0.1603165746E+01
  0.3650000000E+01  0.8849509197E+00  0.1867294434E+01  0.8426153830E+00  0.1617311541E+01
  0.3750000000E+01  0.8703403969E+00  0.1879051662E+01  0.8232375155E+00  0.1632889126E+01
  0.3850000000E+01  0.8545629139E+00  0.1891770890E+01  0.8024660288E+00  0.1649921239E+01
  0.3950000000E+01  0.8376821474E+00  0.1905412433E+01  0.7804197368E+00  0.1668401166E+01
  0.4050000000E+01  0.8197980054E+00  0.1919909667E+01  0.7572641968E+00  0.1688287847E+01
  0.4150000000E+01  0.8010470889E+00  0.1935168113E+01  0.7332097390E+00  0.1709501917E+01
  0.4250000000E+01  0.7816008939E+00  0.1951065808E+01  0.7085063326E+00  0.1731922905E+01
  0.4350000000E+01  0.7616630146E+00  0.1967452270E+01  0.6834375362E+00  0.1755384290E+01
  0.4450000000E+01  0.7414851271E+00  0.1984106803E+01  0.6583433878E+00  0.1779614811E+01
  0.4550000000E+01  0.7216801883E+00  0.2000085051E+01  0.6340868739E+00  0.1803360098E+01
  0.4650000000E+01  0.7078473544E+00  0.2003954462E+01  0.6190362948E+00  0.1811071435E+01
  0.4750000000E+01  0.7559301857E+00  0.1881246478E+01  0.7020658041E+00  0.1649808800E+01
  0.4850000000E+01  0.1011202432E+01  0.1446508637E+01  0.1131484269E+01  0.1155717810E+01
  0.4950000000E+01  0.1357088288E+01  0.1047873650E+01  0.1726133337E+01  0.7852569395E+00
  0.5050000000E+01  0.1557463014E+01  0.8667707156E+00  0.2076914353E+01  0.6343658410E+00
  0.5150000000E+01  0.1636466980E+01  0.7963295109E+00  0.2217510820E+01  0.5781619974E+00
  0.5250000000E+01  0.1668913670E+01  0.7624869711E+00  0.2276615502E+01  0.5517476611E+00
  0.5350000000E+01  0.1686987377E+01  0.7399550396E+00  0.2310350213E+01  0.5343899999E+00
  0.5450000000E+01  0.1700347567E+01  0.7216589174E+00  0.2335623854E+01  0.5203976968E+00
  0.5550000000E+01  0.1711584581E+01  0.7057323008E+00  0.2356981795E+01  0.5082730069E+00
  0.5650000000E+01  0.1721404895E+01  0.6916413366E+00  0.2375672111E+01  0.4975826065E+00
  0.5750000000E+01  0.1730051080E+01  0.6791674814E+00  0.2392132175E+01  0.4881460085E+00
  0.5850000000E+01  0.1737656103E+01  0.6681613282E+00  0.2406608798E+01  0.4798400384E+00
  0.5950000000E+01  0.1744325830E+01  0.6584882857E+00  0.2419302026E+01  0.4725554725E+00
  0.6050000000E+01  0.1750156686E+01  0.6500189606E+00  0.2430395428E+01  0.4661889797E+00
  0.6150000000E+01  0.1755238761E+01  0.6426290687E+00  0.2440061033E+01  0.4606426060E+00
  0.6250000000E+01  0.1759655940E+01  0.6362008827E+00  0.2448459213E+01  0.4558245297E+00
  0.6350000000E+01  0.1763485622E+01  0.6306245103E+00  0.2455737983E+01  0.4516497523E+00
  0.6450000000E+01  0.1766798532E+01  0.6257987112E+00  0.2462032565E+01  0.4480404915E+00
  0.6550000000E+01  0.1769658722E+01  0.6216312675E+00  0.2467465363E+01  0.4449262826E+00
  0.6650000000E+01  0.1772123736E+01  0.6180389927E+00  0.2472146273E+01  0.4422438455E+00
  0.6750000000E+01  0.1774244911E+01  0.6149474680E+00  0.2476173262E+01  0.4399367772E+00
  0.6850000000E+01  0.1776067753E+01  0.6122905905E+00  0.2479633115E+01  0.4379551304E+00
  0.6950000000E+01  0.1777632386E+01  0.6100099995E+00  0.2482602294E+01  0.4362549192E+00
  0.7050000000E+01  0.1778974021E+01  0.6080544362E+00  0.2485147853E+01  0.4347975923E+00
  0.7150000000E+01  0.1780123426E+01  0.6063790797E+00  0.2487328353E+01  0.4335494995E+00
  0.7250000000E+01  0.1781107393E+01  0.6049448858E+00  0.2489194760E+01  0.4324813718E+00
  0.7350000000E+01  0.1781949181E+01  0.6037179524E+00  0.2490791294E+01  0.4315678262E+00
  0.7450000000E+01  0.1782668926E+01  0.6026689235E+00  0.2492156227E+01  0.4307869070E+00
  0.7550000000E+01  0.1783284024E+01  0.6017724400E+00  0.2493322605E+01  0.4301196645E+00
  0.7650000000E+01  0.1783809469E+01  0.6010066388E+00  0.2494318905E+01  0.4295497740E+00
  0.7750000000E+01  0.1784258169E+01  0.6003527038E+00  0.2495169633E+01  0.4290631944E+00
  0.7850000000E+01  0.1784641214E+01  0.5997944643E+00  0.2495895841E+01  0.4286478659E+00
  0.7950000000E+01  0.1784968127E+01  0.5993180405E+00  0.2496515598E+01  0.4282934414E+00
  0.8050000000E+01  0.1785247069E+01  0.5989115324E+00  0.2497044392E+01  0.4279910533E+00
  0.8150000000E+01  0.1785485033E+01  0.5985647458E+00  0.2497495489E+01  0.4277331078E+00
  0.8250000000E+01  0.1785688008E+01  0.5982689549E+00  0.2497880246E+01  0.4275131065E+00
  0.8350000000E+01  0.1785861112E+01  0.5980166958E+00  0.2498208372E+01  0.4273254923E+00
  0.8450000000E+01  0.1786008725E+01  0.5978015872E+00  0.2498488172E+01  0.4271655152E+00
  0.8550000000E+01  0.1786134586E+01  0.5976181766E+00  0.2498726739E+01  0.4270291169E+00
  0.8650000000E+01  0.1786241893E+01  0.5974618064E+00  0.2498930131E+01  0.4269128315E+00
  0.8750000000E+01  0.1786333373E+01  0.5973285000E+00  0.2499103523E+01  0.4268137001E+00
  0.8850000000E+01  0.1786411356E+01  0.5972148624E+00  0.2499251331E+01  0.4267291971E+00
  0.8950000000E+01  0.1786477829E+01  0.5971179971E+00  0.2499377323E+01  0.4266571676E+00
  0.9050000000E+01  0.1786534489E+01  0.5970354321E+00  0.2499484714E+01  0.4265957730E+00
  0.9150000000E+01  0.1786582783E+01  0.5969650591E+00  0.2499576246E+01  0.4265434450E+00
  0.9250000000E+01  0.1786623945E+01  0.5969050796E+00  0.2499654260E+01  0.4264988460E+00
  0.9350000000E+01  0.1786659029E+01  0.5968539598E+00  0.2499720749E+01  0.4264608354E+00
  0.9450000000E+01  0.1786688940E+01  0.5968103908E+00  0.2499777416E+01  0.4264284408E+00
  0.9550000000E+01  0.1786714470E+01  0.5967732532E+00  0.2499825709E+01  0.4264008332E+00
  0.9650000000E+01  0.1786736382E+01  0.5967415798E+00  0.2499866867E+01  0.4263773067E+00
  0.9750000000E+01  0.1786755662E+01  0.5967144937E+00  0.2499901943E+01  0.4263572626E+00
  0.9850000000E+01  0.1786774451E+01  0.5966910310E+00  0.2499931797E+01  0.4263401943E+00
  0.9950000000E+01  0.1786796915E+01  0.5966682668E+00  0.2499952609E+01  0.4263248345E+00
