  0.5000000000E-01  0.9997234592E+00  0.1775123688E+01  0.9996128860E+00  0.1500336312E+01
  0.1500000000E+00  0.9996063215E+00  0.1775230081E+01  0.9994489285E+00  0.1500461389E+01
  0.2500000000E+00  0.9994690576E+00  0.1775354721E+01  0.9992568128E+00  0.1500607938E+01
  0.3500000000E+00  0.9993082443E+00  0.1775500700E+01  0.9990317543E+00  0.1500779604E+01
  0.4500000000E+00  0.9991198907E+00  0.1775671617E+01  0.9987681765E+00  0.1500980636E+01
  0.5500000000E+00  0.9988993459E+00  0.1775871665E+01  0.9984595831E+00  0.1501215983E+01
  0.6500000000E+00  0.9986411953E+00  0.1776105714E+01  0.9980984143E+00  0.1501491402E+01
  0.7500000000E+00  0.9983391435E+00  0.1776379422E+01  0.9976758851E+00  0.1501813583E+01
  0.8500000000E+00  0.9979858800E+00  0.1776699343E+01  0.9971817998E+00  0.1502190290E+01
  0.9500000000E+00  0.9975729290E+00  0.1777073061E+01  0.9966043457E+00  0.1502630518E+01
  0.1050000000E+01  0.9970904799E+00  0.1777509336E+01  0.9959298607E+00  0.1503144667E+01
  0.1150000000E+01  0.9965271988E+00  0.1778018260E+01  0.9951425771E+00  0.1503744747E+01
  0.1250000000E+01  0.9958700204E+00  0.1778611431E+01  0.9942243379E+00  0.1504444585E+01
  0.1350000000E+01  0.9951039205E+00  0.1779302145E+01  0.9931542918E+00  0.1505260070E+01
  0.1450000000E+01  0.9942116674E+00  0.1780105593E+01  0.9919085607E+00  0.1506209406E+01
  0.1550000000E+01  0.9931735613E+00  0.1781039069E+01  0.9904598955E+00  0.1507313385E+01
  0.1650000000E+01  0.9919671544E+00  0.1782122189E+01  0.9887773126E+00  0.1508595679E+01
  0.1750000000E+01  0.9905669695E+00  0.1783377102E+01  0.9868257347E+00  0.1510083131E+01
  0.1850000000E+01  0.9889442131E+00  0.1784828697E+01  0.9845656358E+00  0.1511806061E+01
  0.1950000000E+01  0.9870665047E+00  0.1786504782E+01  0.9819527198E+00  0.1513798546E+01
  0.2050000000E+01  0.9848976260E+00  0.1788436243E+01  0.9789376436E+00  0.1516098700E+01
  0.2150000000E+01  0.9823973193E+00  0.1790657141E+01  0.9754658265E+00  0.1518748898E+01
  0.2250000000E+01  0.9795211504E+00  0.1793204738E+01  0.9714773710E+00  0.1521795952E+01
  0.2350000000E+01  0.9762204672E+00  0.1796119436E+01  0.9669071418E+00  0.1525291201E+01
  0.2450000000E+01  0.9724424969E+00  0.1799444577E+01  0.9616850644E+00  0.1529290484E+01
  0.2550000000E+01  0.9681306152E+00  0.1803226083E+01  0.9557366902E+00  0.1533853955E+01
  0.2650000000E+01  0.9632248494E+00  0.1807511894E+01  0.9489841147E+00  0.1539045692E+01
  0.2750000000E+01  0.9576626780E+00  0.1812351133E+01  0.9413473269E+00  0.1544933037E+01
  0.2850000000E+01  0.9513802078E+00  0.1817792939E+01  0.9327460949E+00  0.1551585566E+01
  0.2950000000E+01  0.9443138374E+00  0.1823884867E+01  0.9231025157E+00  0.1559073579E+01
  0.3050000000E+01  0.9364025464E+00  0.1830670693E+01  0.9123443888E+00  0.1567465900E+01
  0.3150000000E+01  0.9275910182E+00  0.1838187398E+01  0.9004096482E+00  0.1576826696E+01
  0.3250000000E+01  0.9178339209E+00  0.1846460901E+01  0.8872522160E+00  0.1587210778E+01
  0.3350000000E+01  0.9071018902E+00  0.1855499818E+01  0.8728498891E+00  0.1598656485E+01
  0.3450000000E+01  0.8953901524E+00  0.1865285877E+01  0.8572153363E+00  0.1611174482E+01
  0.3550000000E+01  0.8827314975E+00  0.1875758485E+01  0.8404121964E+00  0.1624729404E+01
  0.3650000000E+01  0.8692167380E+00  0.1886788685E+01  0.8225799978E+00  0.1639208560E+01
  0.3750000000E+01  0.8550283759E+00  0.1898133553E+01  0.8039748328E+00  0.1654366721E+01
  0.3850000000E+01  0.8404978106E+00  0.1909354361E+01  0.7850387215E+00  0.1669726246E+01
  0.3950000000E+01  0.8262038424E+00  0.1919668215E+01  0.7665211672E+00  0.1684393998E+01
  0.4050000000E+01  0.8131403059E+00  0.1927681704E+01  0.7496939108E+00  0.1696727349E+01
  0.4150000000E+01  0.8029876242E+00  0.1930932422E+01  0.7367238752E+00  0.1703747026E+01
  0.4250000000E+01  0.7985051327E+00  0.1925179483E+01  0.7312855544E+00  0.1700209997E+01
  0.4350000000E+01  0.8039654633E+00  0.1903572660E+01  0.7394417610E+00  0.1677537163E+01
  0.4450000000E+01  0.8253131053E+00  0.1856456365E+01  0.7705358010E+00  0.1623804302E+01
  0.4550000000E+01  0.8694029924E+00  0.1773578663E+01  0.8370804946E+00  0.1527613162E+01
  0.4650000000E+01  0.9416657035E+00  0.1650103891E+01  0.9516716384E+00  0.1387241536E+01
  0.4750000000E+01  0.1042467129E+01  0.1493372845E+01  0.1119757736E+01  0.1217792741E+01
  0.4850000000E+01  0.1164206710E+01  0.1322940729E+01  0.1331718211E+01  0.1045406627E+01
  0.4950000000E+01  0.1292178942E+01  0.1161760322E+01  0.1562071381E+01  0.8930245823E+00
  0.5050000000E+01  0.1410107966E+01  0.1026118482E+01  0.1779530129E+01  0.7719816947E+00
  0.5150000000E+01  0.1506840271E+01  0.9217188239E+00  0.1960962658E+01  0.6828626933E+00
  0.5250000000E+01  0.1579248722E+01  0.8459659566E+00  0.2098396761E+01  0.6202550831E+00
  0.5350000000E+01  0.1630331954E+01  0.7924636652E+00  0.2196165615E+01  0.5770597954E+00
  0.5450000000E+01  0.1665506820E+01  0.7545464775E+00  0.2263887097E+01  0.5469754115E+00
  0.5550000000E+01  0.1689923190E+01  0.7269308346E+00  0.2311098124E+01  0.5253555969E+00
  0.5650000000E+01  0.1707425970E+01  0.7059948559E+00  0.2345048699E+01  0.5091345006E+00
  0.5750000000E+01  0.1720539316E+01  0.6894562577E+00  0.2370544539E+01  0.4964219094E+00
  0.5850000000E+01  0.1730805690E+01  0.6759386639E+00  0.2390539229E+01  0.4860931384E+00
  0.5950000000E+01  0.1739136432E+01  0.6646204159E+00  0.2406784264E+01  0.4774829902E+00
  0.6050000000E+01  0.1746069133E+01  0.6549997017E+00  0.2420315424E+01  0.4701882995E+00
  0.6150000000E+01  0.1751930429E+01  0.6467530823E+00  0.2431763240E+01  0.4639511682E+00
  0.6250000000E+01  0.1756930610E+01  0.6396557992E+00  0.2441534321E+01  0.4585938345E+00
  0.6350000000E+01  0.1761215688E+01  0.6335389124E+00  0.2449911445E+01  0.4539838005E+00
  0.6450000000E+01  0.1764895037E+01  0.6282669476E+00  0.2457106783E+01  0.4500156531E+00
  0.6550000000E+01  0.1768055777E+01  0.6237264001E+00  0.2463289595E+01  0.4466016809E+00
  0.6650000000E+01  0.1770770243E+01  0.6198197517E+00  0.2468600617E+01  0.4436669570E+00
  0.6750000000E+01  0.1773099980E+01  0.6164621917E+00  0.2473159728E+01  0.4411466215E+00
  0.6850000000E+01  0.1775098000E+01  0.6135796287E+00  0.2477070294E+01  0.4389842272E+00
  0.6950000000E+01  0.1776810213E+01  0.6111073085E+00  0.2480421901E+01  0.4371305931E+00
  0.7050000000E+01  0.1778276435E+01  0.6089887249E+00  0.2483292295E+01  0.4355429120E+00
  0.7150000000E+01  0.1779531178E+01  0.6071746846E+00  0.2485748899E+01  0.4341839955E+00
  0.7250000000E+01  0.1780604312E+01  0.6056224689E+00  0.2487850099E+01  0.4330216068E+00
  0.7350000000E+01  0.1781521651E+01  0.6042950727E+00  0.2489646367E+01  0.4320278619E+00
  0.7450000000E+01  0.1782305462E+01  0.6031605123E+00  0.2491181253E+01  0.4311786903E+00
  0.7550000000E+01  0.1782974924E+01  0.6021911986E+00  0.2492492274E+01  0.4304533510E+00
  0.7650000000E+01  0.1783546527E+01  0.6013633756E+00  0.2493611700E+01  0.4298339999E+00
  0.7750000000E+01  0.1784034436E+01  0.6006566179E+00  0.2494567253E+01  0.4293053064E+00
  0.7850000000E+01  0.1784450804E+01  0.6000533867E+00  0.2495382717E+01  0.4288541151E+00
  0.7950000000E+01  0.1784806047E+01  0.5995386390E+00  0.2496078480E+01  0.4284691482E+00
  0.8050000000E+01  0.1785109082E+01  0.5990994844E+00  0.2496672006E+01  0.4281407465E+00
  0.8150000000E+01  0.1785367543E+01  0.5987248865E+00  0.2497178236E+01  0.4278606430E+00
  0.8250000000E+01  0.1785587958E+01  0.5984054022E+00  0.2497609954E+01  0.4276217669E+00
  0.8350000000E+01  0.1785775907E+01  0.5981329571E+00  0.2497978084E+01  0.4274180736E+00
  0.8450000000E+01  0.1785936155E+01  0.5979006504E+00  0.2498291962E+01  0.4272443984E+00
  0.8550000000E+01  0.1786072777E+01  0.5977025867E+00  0.2498559560E+01  0.4270963302E+00
  0.8650000000E+01  0.1786189248E+01  0.5975337317E+00  0.2498787686E+01  0.4269701027E+00
  0.8750000000E+01  0.1786288537E+01  0.5973897875E+00  0.2498982150E+01  0.4268625012E+00
  0.8850000000E+01  0.1786373180E+01  0.5972670860E+00  0.2499147911E+01  0.4267707826E+00
  0.8950000000E+01  0.1786445343E+01  0.5971624975E+00  0.2499289200E+01  0.4266926071E+00
  0.9050000000E+01  0.1786506882E+01  0.5970733517E+00  0.2499409624E+01  0.4266259795E+00
  0.9150000000E+01  0.1786559391E+01  0.5969973713E+00  0.2499512262E+01  0.4265691998E+00
  0.9250000000E+01  0.1786604254E+01  0.5969326139E+00  0.2499599738E+01  0.4265208208E+00
  0.9350000000E+01  0.1786642693E+01  0.5968774230E+00  0.2499674291E+01  0.4264796138E+00
  0.9450000000E+01  0.1786675832E+01  0.5968303866E+00  0.2499737827E+01  0.4264445406E+00
  0.9550000000E+01  0.1786704776E+01  0.5967903005E+00  0.2499791975E+01  0.4264147341E+00
  0.9650000000E+01  0.1786730745E+01  0.5967561382E+00  0.2499838120E+01  0.4263894878E+00
  0.9750000000E+01  0.1786755287E+01  0.5967270248E+00  0.2499877445E+01  0.4263682605E+00
  0.9850000000E+01  0.1786780669E+01  0.5967022142E+00  0.2499910958E+01  0.4263507037E+00
  0.9950000000E+01  0.1786798989E+01  0.5966719948E+00  0.2499916820E+01  0.4263307973E+00
