   0.000000    
  2.0000000E-02
  3.9999999E-02
  5.9999999E-02
  7.9999998E-02
  9.9999994E-02
  0.1200000    
  0.1400000    
  0.1600000    
  0.1800000    
  0.2000000    
  0.2200000    
  0.2400000    
  0.2600000    
  0.2800000    
  0.3000000    
  0.3200000    
  0.3400000    
  0.3600000    
  0.3800000    
  0.4000000    
  0.4200000    
  0.4400000    
  0.4600000    
  0.4800000    
  0.5000000    
  0.5200000    
  0.5400000    
  0.5600000    
  0.5800000    
  0.6000000    
  0.6200000    
  0.6400000    
  0.6600000    
  0.6800000    
  0.7000000    
  0.7200000    
  0.7400000    
  0.7600000    
  0.7800000    
  0.8000000    
  0.8200000    
  0.8400000    
  0.8600000    
  0.8800000    
  0.9000000    
  0.9200000    
  0.9400000    
  0.9600000    
  0.9800000    
   1.000000    
   1.020000    
   1.040000    
   1.060000    
   1.080000    
   1.100000    
   1.120000    
   1.140000    
   1.160000    
   1.180000    
   1.200000    
   1.220000    
   1.240000    
   1.260000    
   1.280000    
   1.300000    
   1.320000    
   1.340000    
   1.360000    
   1.380000    
   1.400000    
   1.420000    
   1.440000    
   1.460000    
   1.480000    
   1.500000    
   1.520000    
   1.540000    
   1.560000    
   1.580000    
   1.600000    
   1.620000    
   1.640000    
   1.660000    
   1.680000    
   1.700000    
   1.720000    
   1.740000    
   1.760000    
   1.780000    
   1.800000    
   1.820000    
   1.840000    
   1.860000    
   1.880000    
   1.900000    
   1.920000    
   1.940000    
   1.960000    
   1.980000    
   2.000000    

