  0.5000000000E-01  0.9882575137E+00  0.1784052671E+01  0.9836206191E+00  0.1511349492E+01
  0.1500000000E+00  0.9807885232E+00  0.1789930518E+01  0.9732216453E+00  0.1518636951E+01
  0.2500000000E+00  0.9708072990E+00  0.1797819006E+01  0.9594075735E+00  0.1528434720E+01
  0.3500000000E+00  0.9602169094E+00  0.1806216978E+01  0.9447954607E+00  0.1538939965E+01
  0.4500000000E+00  0.9496630012E+00  0.1814607142E+01  0.9302910265E+00  0.1549508423E+01
  0.5500000000E+00  0.9393230384E+00  0.1822845317E+01  0.9161411464E+00  0.1559955077E+01
  0.6500000000E+00  0.9292355964E+00  0.1830899246E+01  0.9023962805E+00  0.1570235163E+01
  0.7500000000E+00  0.9194016596E+00  0.1838767223E+01  0.8890540743E+00  0.1580342753E+01
  0.8500000000E+00  0.9098127705E+00  0.1846455306E+01  0.8760991926E+00  0.1590282047E+01
  0.9500000000E+00  0.9004585800E+00  0.1853971152E+01  0.8635139384E+00  0.1600059559E+01
  0.1050000000E+01  0.8913288122E+00  0.1861322407E+01  0.8512809799E+00  0.1609682028E+01
  0.1150000000E+01  0.8824137342E+00  0.1868516310E+01  0.8393839801E+00  0.1619155900E+01
  0.1250000000E+01  0.8737042309E+00  0.1875559635E+01  0.8278076772E+00  0.1628487218E+01
  0.1350000000E+01  0.8651917815E+00  0.1882458697E+01  0.8165378301E+00  0.1637681623E+01
  0.1450000000E+01  0.8568684131E+00  0.1889219397E+01  0.8055611363E+00  0.1646744388E+01
  0.1550000000E+01  0.8487266546E+00  0.1895847252E+01  0.7948651504E+00  0.1655680440E+01
  0.1650000000E+01  0.8407594927E+00  0.1902347433E+01  0.7844382098E+00  0.1664494401E+01
  0.1750000000E+01  0.8329603337E+00  0.1908724789E+01  0.7742693679E+00  0.1673190605E+01
  0.1850000000E+01  0.8253229685E+00  0.1914983882E+01  0.7643483338E+00  0.1681773129E+01
  0.1950000000E+01  0.8178415410E+00  0.1921129004E+01  0.7546654199E+00  0.1690245813E+01
  0.2050000000E+01  0.8105105209E+00  0.1927164203E+01  0.7452114927E+00  0.1698612276E+01
  0.2150000000E+01  0.8033246784E+00  0.1933093301E+01  0.7359779309E+00  0.1706875939E+01
  0.2250000000E+01  0.7962790611E+00  0.1938919911E+01  0.7269565856E+00  0.1715040036E+01
  0.2350000000E+01  0.7893689743E+00  0.1944647453E+01  0.7181397460E+00  0.1723107631E+01
  0.2450000000E+01  0.7825899619E+00  0.1950279169E+01  0.7095201071E+00  0.1731081627E+01
  0.2550000000E+01  0.7759377902E+00  0.1955818134E+01  0.7010907409E+00  0.1738964782E+01
  0.2650000000E+01  0.7694084318E+00  0.1961267271E+01  0.6928450703E+00  0.1746759718E+01
  0.2750000000E+01  0.7629980524E+00  0.1966629357E+01  0.6847768453E+00  0.1754468928E+01
  0.2850000000E+01  0.7567029978E+00  0.1971907037E+01  0.6768801208E+00  0.1762094787E+01
  0.2950000000E+01  0.7505197822E+00  0.1977102831E+01  0.6691492369E+00  0.1769639561E+01
  0.3050000000E+01  0.7444450774E+00  0.1982219141E+01  0.6615788002E+00  0.1777105410E+01
  0.3150000000E+01  0.7384757034E+00  0.1987258263E+01  0.6541636674E+00  0.1784494400E+01
  0.3250000000E+01  0.7326086189E+00  0.1992222386E+01  0.6468989297E+00  0.1791808504E+01
  0.3350000000E+01  0.7268409133E+00  0.1997113606E+01  0.6397798981E+00  0.1799049612E+01
  0.3450000000E+01  0.7211697988E+00  0.2001933928E+01  0.6328020910E+00  0.1806219534E+01
  0.3550000000E+01  0.7155926035E+00  0.2006685272E+01  0.6259612211E+00  0.1813320003E+01
  0.3650000000E+01  0.7101067646E+00  0.2011369478E+01  0.6192531851E+00  0.1820352682E+01
  0.3750000000E+01  0.7047098224E+00  0.2015988310E+01  0.6126740521E+00  0.1827319170E+01
  0.3850000000E+01  0.6993994159E+00  0.2020543461E+01  0.6062200567E+00  0.1834220998E+01
  0.3950000000E+01  0.6941732658E+00  0.2025036566E+01  0.5998875754E+00  0.1841059652E+01
  0.4050000000E+01  0.6890292552E+00  0.2029469129E+01  0.5936732140E+00  0.1847836475E+01
  0.4150000000E+01  0.6839648290E+00  0.2033843044E+01  0.5875731585E+00  0.1854553334E+01
  0.4250000000E+01  0.6789811040E+00  0.2038157087E+01  0.5815874569E+00  0.1861208228E+01
  0.4350000000E+01  0.6740543710E+00  0.2042430954E+01  0.5756912177E+00  0.1867824331E+01
  0.4450000000E+01  0.6693288433E+00  0.2046542194E+01  0.5700234518E+00  0.1874261108E+01
  0.4550000000E+01  0.6633709797E+00  0.2050877372E+01  0.5633958027E+00  0.1880819445E+01
  0.4650000000E+01  0.7740984382E+00  0.1824695172E+01  0.7515719479E+00  0.1565089291E+01
  0.4750000000E+01  0.1524343944E+01  0.9033885522E+00  0.2032224043E+01  0.6612508713E+00
  0.4850000000E+01  0.1649776967E+01  0.8145519892E+00  0.2235642774E+01  0.5913794154E+00
  0.4950000000E+01  0.1655767373E+01  0.8066738043E+00  0.2247064611E+01  0.5852289699E+00
  0.5050000000E+01  0.1659712885E+01  0.8006491941E+00  0.2254630213E+01  0.5805733206E+00
  0.5150000000E+01  0.1663815657E+01  0.7946843038E+00  0.2262438697E+01  0.5759632989E+00
  0.5250000000E+01  0.1667841005E+01  0.7888502957E+00  0.2270106278E+01  0.5714586402E+00
  0.5350000000E+01  0.1671772897E+01  0.7831332477E+00  0.2277602398E+01  0.5670499660E+00
  0.5450000000E+01  0.1675609280E+01  0.7775267426E+00  0.2284922962E+01  0.5627323921E+00
  0.5550000000E+01  0.1679352176E+01  0.7720262710E+00  0.2292071526E+01  0.5585021753E+00
  0.5650000000E+01  0.1683004835E+01  0.7666278327E+00  0.2299053869E+01  0.5543558983E+00
  0.5750000000E+01  0.1686570650E+01  0.7613277452E+00  0.2305876050E+01  0.5502903908E+00
  0.5850000000E+01  0.1690052910E+01  0.7561225580E+00  0.2312543947E+01  0.5463026791E+00
  0.5950000000E+01  0.1693454747E+01  0.7510090184E+00  0.2319063162E+01  0.5423899623E+00
  0.6050000000E+01  0.1696779126E+01  0.7459840520E+00  0.2325439003E+01  0.5385495972E+00
  0.6150000000E+01  0.1700028851E+01  0.7410447483E+00  0.2331676501E+01  0.5347790850E+00
  0.6250000000E+01  0.1703206579E+01  0.7361883480E+00  0.2337780429E+01  0.5310760609E+00
  0.6350000000E+01  0.1706314831E+01  0.7314122324E+00  0.2343755313E+01  0.5274382837E+00
  0.6450000000E+01  0.1709355995E+01  0.7267139133E+00  0.2349605456E+01  0.5238636275E+00
  0.6550000000E+01  0.1712332342E+01  0.7220910237E+00  0.2355334951E+01  0.5203500732E+00
  0.6650000000E+01  0.1715246032E+01  0.7175413101E+00  0.2360947693E+01  0.5168957013E+00
  0.6750000000E+01  0.1718099120E+01  0.7130626245E+00  0.2366447393E+01  0.5134986852E+00
  0.6850000000E+01  0.1720893563E+01  0.7086529179E+00  0.2371837594E+01  0.5101572850E+00
  0.6950000000E+01  0.1723631227E+01  0.7043102337E+00  0.2377121672E+01  0.5068698418E+00
  0.7050000000E+01  0.1726313894E+01  0.7000327020E+00  0.2382302858E+01  0.5036347728E+00
  0.7150000000E+01  0.1728943263E+01  0.6958185344E+00  0.2387384236E+01  0.5004505662E+00
  0.7250000000E+01  0.1731520961E+01  0.6916660191E+00  0.2392368759E+01  0.4973157772E+00
  0.7350000000E+01  0.1734048541E+01  0.6875735161E+00  0.2397259255E+01  0.4942290235E+00
  0.7450000000E+01  0.1736527492E+01  0.6835394531E+00  0.2402058432E+01  0.4911889820E+00
  0.7550000000E+01  0.1738959238E+01  0.6795623218E+00  0.2406768887E+01  0.4881943853E+00
  0.7650000000E+01  0.1741345145E+01  0.6756406742E+00  0.2411393112E+01  0.4852440183E+00
  0.7750000000E+01  0.1743686521E+01  0.6717731192E+00  0.2415933497E+01  0.4823367152E+00
  0.7850000000E+01  0.1745984625E+01  0.6679583197E+00  0.2420392340E+01  0.4794713572E+00
  0.7950000000E+01  0.1748240662E+01  0.6641949893E+00  0.2424771850E+01  0.4766468694E+00
  0.8050000000E+01  0.1750455790E+01  0.6604818902E+00  0.2429074149E+01  0.4738622188E+00
  0.8150000000E+01  0.1752631125E+01  0.6568178301E+00  0.2433301280E+01  0.4711164119E+00
  0.8250000000E+01  0.1754767737E+01  0.6532016603E+00  0.2437455209E+01  0.4684084927E+00
  0.8350000000E+01  0.1756866658E+01  0.6496322733E+00  0.2441537831E+01  0.4657375409E+00
  0.8450000000E+01  0.1758928879E+01  0.6461086009E+00  0.2445550971E+01  0.4631026698E+00
  0.8550000000E+01  0.1760955357E+01  0.6426296121E+00  0.2449496388E+01  0.4605030249E+00
  0.8650000000E+01  0.1762947013E+01  0.6391943114E+00  0.2453375780E+01  0.4579377820E+00
  0.8750000000E+01  0.1764904734E+01  0.6358017374E+00  0.2457190783E+01  0.4554061463E+00
  0.8850000000E+01  0.1766829376E+01  0.6324509614E+00  0.2460942977E+01  0.4529073510E+00
  0.8950000000E+01  0.1768721760E+01  0.6291410874E+00  0.2464633880E+01  0.4504406569E+00
  0.9050000000E+01  0.1770582668E+01  0.6258712555E+00  0.2468264942E+01  0.4480053550E+00
  0.9150000000E+01  0.1772412811E+01  0.6226406603E+00  0.2471837502E+01  0.4456007795E+00
  0.9250000000E+01  0.1774212706E+01  0.6194486001E+00  0.2475352539E+01  0.4432263491E+00
  0.9350000000E+01  0.1775982375E+01  0.6162947916E+00  0.2478810591E+01  0.4408817621E+00
  0.9450000000E+01  0.1777719299E+01  0.6131795965E+00  0.2482205949E+01  0.4385674190E+00
  0.9550000000E+01  0.1779417098E+01  0.6101107415E+00  0.2485542132E+01  0.4362876990E+00
  0.9650000000E+01  0.1781022984E+01  0.6070891042E+00  0.2488663262E+01  0.4340503535E+00
  0.9750000000E+01  0.1782525109E+01  0.6042938731E+00  0.2492183312E+01  0.4319286474E+00
  0.9850000000E+01  0.1782330968E+01  0.6012206861E+00  0.2492343817E+01  0.4296947991E+00
  0.9950000000E+01  0.1783659665E+01  0.5991247687E+00  0.2493834927E+01  0.4282283354E+00
